163 63 9000 4
152 55 7187 4
184 103 2276 8
174 88 4046 7
152 76 1943 9
207 119 3896 7
168 72 8484 4
186 86 7886 4
179 68 12462 1
156 62 4950 6
209 129 2989 8
182 98 2427 8
198 91 14610 1
176 99 1386 9
184 85 6403 5
163 66 8841 4
162 55 10041 2
161 59 9274 3
189 91 9213 3
199 105 4779 6
191 116 1877 9
168 73 7415 4
203 123 2173 9
197 104 4507 6
206 124 2431 8
159 63 8605 4
160 64 8968 4
172 80 4626 6
178 102 1980 9
174 73 9516 3
196 87 10112 2
187 102 3705 7
184 99 3361 7
168 91 1363 9
155 59 6269 5
177 77 10099 3
157 61 7851 4
161 77 2423 8
162 72 4627 6
202 94 14806 1
159 80 1124 9
160 64 5340 5
194 80 11176 1
182 83 9356 3
209 118 4229 6
166 89 1822 9
169 66 11494 2
173 80 4589 6
167 61 11898 2
195 95 6525 5
150 37 11232 1
150 53 5593 5
157 59 6694 5
170 74 5872 5
151 41 10461 2
184 75 11273 1
165 68 8789 4
185 108 1882 9
195 100 6752 5
151 72 1987 9
201 102 6091 5
195 95 5958 5
195 95 8715 4
175 79 6817 5
205 95 14750 1
199 100 8303 4
210 109 9983 3
154 55 8519 4
177 71 11858 2
174 74 5715 5
176 76 8917 4
150 56 4419 6
209 110 7618 4
156 52 10077 3
202 126 1696 9
192 88 9824 3
163 66 5975 5
181 84 6663 5
150 53 6741 5
188 103 2160 8
196 113 2465 8
175 90 2076 8
206 125 2304 8
175 80 5884 5
175 65 10489 2
175 78 5410 5
210 105 10832 2
183 83 9687 3
191 101 4387 6
169 71 5683 5
154 55 10020 3
199 117 2971 8
164 74 4946 6
178 83 6277 5
201 111 3625 7
162 63 8752 4
207 107 6028 5
181 84 7767 4
155 44 14026 1
164 89 1057 9
168 86 2240 8
202 112 3662 7
172 92 2114 9
165 56 10777 2
204 109 5521 5
151 71 2387 8
197 117 2527 8
196 114 3118 8
187 88 5822 5
154 57 6509 5
205 115 3897 7
199 102 7917 4
153 53 5618 5
152 65 3960 7
177 98 1689 9
159 54 9919 3
182 104 1116 9
150 54 5721 5
206 126 2594 8
182 82 9148 3
163 79 2168 8
177 79 9202 3
186 106 2122 9
181 106 1525 9
203 124 1369 9
165 70 6495 5
167 60 10968 2
159 45 11622 1
200 85 11044 1
176 77 5756 5
191 99 5366 6
184 86 6708 5
208 104 9489 3
162 82 1407 9
197 107 4902 6
202 102 8919 3
190 85 9904 3
175 80 5304 6
159 53 13558 1
175 76 8829 3
208 102 11198 2
154 75 1064 9
173 97 2136 9
193 101 4638 6
184 99 3514 7
194 99 5028 6
169 92 1601 9
157 77 3071 8
192 101 4152 6
172 62 11470 1
199 95 9885 2
155 58 7626 4
196 85 12856 1
198 113 2114 8
151 58 4204 6
209 109 6896 5
186 90 6754 5
192 107 2976 8
204 126 1396 9
164 66 9106 3
155 50 11265 1
184 74 11443 1
179 96 2092 8
196 93 10607 2
184 104 2116 9
187 87 5781 5
192 84 9962 2
167 53 13480 1
194 99 8552 4
192 104 3693 7
166 67 8149 4
150 53 8375 4
195 91 9614 3
153 58 5750 5
169 63 11180 1
170 78 4461 6
175 65 11343 2
178 99 1184 9
182 84 7664 4
163 80 2477 8
155 70 3847 7
163 54 11607 2
208 114 4683 6
186 91 5950 5
175 80 5059 6
177 81 5554 5
204 125 2182 9
181 90 4037 6
179 65 11424 1
191 115 2057 9
151 45 11832 2
173 81 4220 6
188 111 1887 9
187 104 2913 8
203 121 2369 8
209 107 9662 3
180 95 2232 8
183 100 2103 8
200 110 5173 6
175 90 2739 8
156 55 9564 3
194 85 11226 2
182 75 10586 2
184 104 2863 8
168 70 6176 5
205 91 11777 1
197 98 8274 4
202 103 5823 5
156 53 10061 2
181 98 2054 8
155 72 2785 8
151 56 6264 5
168 57 11747 1
196 87 13917 1
162 74 3458 7
153 38 14884 1
206 118 3234 7
205 112 5078 6
192 87 11589 2
155 43 13837 1
207 112 8610 4
152 52 7291 4
163 82 2569 8
155 78 1647 9
198 113 2235 8
187 89 8228 4
209 103 11468 2
189 90 8975 4
193 108 2406 8
188 90 7348 4
166 68 7098 4
165 85 1667 9
195 88 12377 1
163 74 3352 7
177 97 2056 9
159 70 3540 7
162 80 2236 8
195 103 4923 6
204 122 2231 8
191 94 8886 4
179 80 9009 3
196 100 7338 4
210 111 8088 4
162 87 1144 9
168 58 12655 1
210 101 11422 2
195 99 5838 5
170 74 7251 4
209 102 11483 2
190 93 7626 4
189 87 9037 3
203 104 9044 3
190 85 13848 1
168 83 4041 7
178 73 14860 1
195 99 7336 4
152 52 8344 4
208 109 8903 4
161 47 13862 1
185 95 3897 7
208 123 2774 8
173 83 4768 6
209 124 2503 8
205 99 10603 2
166 70 8416 4
171 81 4426 6
196 120 1692 9
166 55 12692 1
175 88 3730 7
153 58 7264 4
152 67 4139 7
199 108 5446 6
167 61 11851 1
200 104 5550 5
152 42 12467 1
169 78 4938 6
207 123 2122 8
169 69 5783 5
157 62 7268 4
162 62 8927 4
208 132 1483 9
177 75 9848 3
198 95 9053 3
168 87 2230 8
173 87 3053 7
182 73 11587 1
173 65 14882 1
152 73 2139 9
202 115 3958 7
153 62 5160 6
188 87 9536 3
156 59 8708 4
207 102 8858 3
177 82 7945 4
176 88 3810 7
156 60 5646 5
162 61 9267 3
161 62 9898 3
160 70 3824 7
203 91 12232 1
155 52 9558 3
183 75 11111 1
175 75 8334 4
168 68 8371 4
182 81 9128 3
204 100 9633 3
179 72 14117 1
156 54 10017 3
151 51 7669 4
202 107 5248 6
158 83 1512 9
164 57 13679 1
152 73 1702 9
179 102 2071 9
197 116 2305 8
207 109 10188 3
156 62 4933 6
159 61 7580 4
172 92 2926 8
189 79 14897 1
177 81 5742 5
185 100 2683 8
193 87 12448 1
201 113 4058 7
178 65 11691 1
207 122 2983 8
182 83 7219 4
155 80 1581 9
169 79 4656 6
194 94 5974 5
182 72 10193 2
203 111 4154 6
210 110 8989 4
184 92 5019 6
185 108 1327 9
209 108 9669 3
168 73 4793 6
201 89 12218 1
198 112 3526 7
167 66 9141 3
190 88 9622 3
182 86 8017 4
193 92 10071 3
196 101 8923 4
194 116 1849 9
181 85 7334 4
203 106 6195 5
151 62 3772 7
198 106 4693 6
176 91 3252 7
156 53 9055 3
172 92 2416 8
203 112 5234 6
170 86 2949 8
157 78 1045 9
155 62 4208 6
151 73 1107 9
160 64 5683 5
176 66 11950 2
188 112 1329 9
201 105 6719 5
202 108 4697 6
173 96 1823 9
195 100 8362 4
208 114 4065 6
176 81 6674 5
150 50 7254 4
197 97 5503 5
190 85 10715 2
166 66 6748 5
203 104 8888 3
187 80 13788 1
159 63 6441 5
176 80 8770 4
164 64 10176 3
189 92 6240 5
180 95 2330 8
202 96 13248 1
176 78 9605 3
210 105 8820 3
192 97 4722 6
206 115 4426 6
180 65 14549 1
181 77 11180 2
179 83 6246 5
169 85 2286 8
176 92 3056 8
202 112 3498 7
180 90 4487 6
201 122 2035 9
155 68 3120 7
157 65 5097 6
208 113 4051 6
203 120 2144 8
162 63 9829 3
178 92 4111 7
201 114 3193 7
182 102 2185 8
172 66 12222 1
150 48 9221 3
162 85 1508 9
187 110 1451 9
153 48 10683 2
163 63 9405 3
202 99 9891 3
185 79 14241 1
210 108 9964 3
175 80 8821 4
194 95 9075 3
154 57 6063 5
155 58 8674 4
170 64 9948 2
201 109 5282 6
173 78 5481 6
193 78 13816 1
207 112 6196 5
193 113 1768 9
158 49 11622 2
195 89 13664 1
150 65 4035 7
210 114 7473 4
151 50 10108 3
185 102 3127 8
171 75 5450 5
194 100 4194 6
187 97 5145 6
174 71 9598 3
166 80 4028 7
164 68 6581 5
177 77 5898 5
164 76 3481 7
176 67 10320 2
200 102 8227 4
183 108 2026 9
201 121 1473 9
167 71 7460 4
150 63 3165 7
153 47 12958 1
207 115 5418 6
166 58 10490 2
204 121 2720 8
158 64 4690 6
152 73 1092 9
160 61 6888 5
191 96 8486 4
190 79 12762 1
175 84 4403 6
200 110 4053 7
196 102 4515 6
209 104 9978 3
172 67 10017 2
201 100 9854 3
154 48 11357 2
153 48 14089 1
175 78 8041 4
150 50 6570 5
206 112 5211 6
169 70 9966 3
161 74 3496 7
152 57 8670 4
194 87 12710 1
195 97 9086 3
181 98 2289 8
165 69 5412 5
208 100 13874 1
160 85 1777 9
185 87 5958 5
158 63 5595 5
168 57 14196 1
184 71 12833 1
190 110 2470 8
193 97 5472 5
205 107 6406 5
161 65 6821 5
193 98 5798 5
195 81 14896 1
186 74 11691 1
162 53 11037 1
210 130 1583 9
185 87 6645 5
190 85 10022 3
152 42 10841 2
178 96 2603 8
192 114 1967 9
154 42 14047 1
173 76 8981 4
207 101 14487 1
202 125 2077 9
174 82 5173 6
181 87 4265 6
200 115 2985 8
168 76 5257 6
173 98 1152 9
151 73 2141 9
164 86 1556 9
188 89 5720 5
207 108 7939 4
177 76 9330 3
191 88 11887 2
192 117 1562 9
205 106 7631 4
157 69 3764 7
197 109 3996 7
163 53 9970 2
176 91 3071 7
199 101 9875 3
151 61 4394 6
182 85 6536 5
201 110 4481 6
207 128 1959 9
172 66 12287 1
203 125 1773 9
196 101 6575 5
189 81 12674 1
190 96 5149 6
210 127 2364 8
194 99 7604 4
197 99 5671 5
179 98 3008 8
183 94 3874 7
154 72 2045 8
175 81 5310 6
210 131 1005 9
181 73 10812 2
169 88 2735 8
172 82 3674 7
185 87 5870 5
195 98 6136 5
160 50 10879 2
164 60 8942 3
166 66 7135 4
175 66 14723 1
203 106 6346 5
153 63 4539 6
169 84 3375 7
153 58 4856 6
189 101 3225 7
191 94 5994 5
182 97 2269 8
193 93 5937 5
191 87 10620 2
195 99 6376 5
153 55 6027 5
155 71 2693 8
171 64 11849 2
197 94 8816 3
182 79 9131 3
191 93 5627 5
207 117 4611 6
181 86 6352 5
179 74 10598 2
202 107 4165 6
168 65 9703 3
154 50 9685 3
166 69 8424 4
201 102 6874 5
181 70 13427 1
169 83 3146 7
164 84 3155 8
209 110 8961 3
174 79 6320 5
193 113 1948 9
173 79 4438 6
181 97 2509 8
166 56 13125 1
182 106 1787 9
192 85 11812 1
203 121 2599 8
190 79 11863 1
153 45 11640 2
151 66 3136 8
169 86 3118 8
156 45 12413 1
201 111 5018 6
158 77 2822 8
195 90 9804 3
176 78 5702 5
151 52 9449 3
159 63 5377 5
166 58 14919 1
178 83 5983 5
151 65 3717 7
178 83 7322 4
183 90 4674 6
178 92 3213 7
208 126 2585 8
168 72 5444 5
194 88 10305 2
206 118 3285 7
154 56 9230 3
174 68 14763 1
183 74 10054 2
204 124 1193 9
176 98 2055 9
162 65 8162 4
172 72 6236 5
175 74 9951 3
184 72 13641 1
150 67 2054 8
200 97 9400 3
187 111 1382 9
153 61 4052 6
184 76 9803 2
207 93 12891 1
156 76 1044 9
192 107 3639 7
209 119 5123 6
150 75 1007 9
186 72 11999 1
154 59 7476 4
183 105 1516 9
151 72 2061 9
169 79 3501 7
151 52 9924 3
197 96 10003 3
171 76 4960 6
181 93 3484 7
203 102 9899 3
164 69 7246 4
209 112 8013 4
204 109 4720 6
179 81 6117 5
173 92 2737 8
187 95 4786 6
150 74 1582 9
165 69 8613 4
158 59 9086 3
166 69 6059 5
199 98 8946 3
163 82 2547 8
204 114 5026 6
200 115 3391 7
183 69 11210 1
167 84 2603 8
159 63 8109 4
160 72 3645 7
181 97 2638 8
204 129 1372 9
164 65 7733 4
166 60 11744 2
204 106 7227 4
162 74 3635 7
201 117 2706 8
172 70 9963 3
157 77 2665 8
190 115 1126 9
192 81 12030 1
192 117 1071 9
202 108 4218 6
203 110 4451 6
160 51 10313 2
201 96 8964 3
195 95 7561 4
199 121 1605 9
153 50 11403 2
193 98 5769 5
180 84 5784 5
206 108 8645 4
206 129 1589 9
205 110 8192 4
183 72 13844 1
181 86 8001 4
198 109 3859 7
180 105 1682 9
160 56 9440 3
167 69 6856 5
195 114 2161 8
156 59 7135 4
202 112 4815 6
210 120 3469 7
158 58 10182 3
158 50 10310 2
163 77 3432 7
170 65 10071 2
203 120 2665 8
207 98 11008 2
167 71 8543 4
198 84 14668 1
166 76 4374 6
202 96 11895 2
207 109 6541 5
209 129 1083 9
204 102 9920 3
166 84 2406 8
160 69 5224 6
183 75 12813 1
178 93 4074 7
180 75 9433 3
177 97 1559 9
171 81 4613 6
160 57 9061 3
196 88 14128 1
150 64 3676 7
154 50 10478 2
204 96 11651 2
195 109 3404 7
155 57 9093 3
204 99 10169 3
192 85 11572 1
165 77 3450 7
161 65 5695 5
193 106 4122 7
203 122 2945 8
190 93 8478 4
197 118 2018 9
206 99 10617 2
184 89 8460 4
178 98 1974 9
168 88 1200 9
175 87 3296 7
167 62 12859 1
178 103 1898 9
202 97 11513 2
180 75 11727 2
202 95 12144 1
197 99 7375 4
167 72 7204 4
176 94 2502 8
189 84 11738 2
175 88 3245 7
169 71 8690 4
163 58 11906 2
195 100 6564 5
182 78 11226 2
176 62 13062 1
166 80 3443 7
160 75 3025 8
160 65 7343 4
193 83 10947 2
150 65 2378 8
169 77 5024 6
204 124 1739 9
206 127 1291 9
190 79 13395 1
201 91 10490 2
163 85 1771 9
192 97 4066 6
209 115 4849 6
209 114 4389 6
167 72 4980 6
158 59 8442 4
176 73 9651 3
203 100 10934 2
183 86 6888 5
193 111 2257 8
173 96 1357 9
171 85 3946 7
208 119 3173 7
207 131 1073 9
179 75 8925 3
172 85 3251 7
186 86 7816 4
171 92 1566 9
162 61 10006 3
194 85 11815 2
184 99 2740 8
196 91 11619 1
157 61 6604 5
181 83 5381 5
172 72 8478 4
199 104 7835 4
160 60 7243 4
167 80 4107 7
159 79 1989 9
177 99 1315 9
208 131 1407 9
204 106 9085 3
207 94 12527 1
150 39 12016 1
183 82 9452 3
154 50 9657 3
210 122 4148 7
176 73 9954 2
194 104 4042 7
185 102 2385 8
189 83 14001 1
181 89 4253 6
169 73 6860 5
179 86 5325 6
158 51 12405 1
172 66 11193 1
183 89 4144 6
153 78 1704 9
157 81 1525 9
181 80 9467 3
154 69 4000 7
162 66 5839 5
171 57 12071 1
208 123 3010 7
158 70 4180 7
188 83 11896 1
190 77 14919 1
180 97 2324 8
195 92 9605 3
185 87 9726 3
189 83 11341 2
172 73 8224 4
195 106 3679 7
206 101 9082 3
194 114 2795 8
183 73 12204 1
158 49 11227 1
152 43 10950 2
150 70 1391 9
203 124 1644 9
210 114 8043 4
172 75 8327 4
186 80 14456 1
199 115 2335 8
155 80 1702 9
174 90 2040 8
176 71 12048 1
167 68 5806 5
152 68 2241 8
197 99 7702 4
192 86 14867 1
190 96 4401 6
202 102 8244 4
177 102 1656 9
196 114 2913 8
195 83 12316 1
155 75 2957 8
190 92 8316 4
205 128 1435 9
209 119 5255 6
157 80 1023 9
175 78 8976 4
196 91 9615 3
202 95 14807 1
208 98 10062 2
209 119 3201 7
209 131 1022 9
193 95 8179 4
160 81 2058 9
189 105 3078 8
207 100 10814 2
164 74 5212 6
156 71 3362 7
207 112 5236 6
179 91 4020 7
180 77 11935 2
204 103 9114 3
173 75 5629 5
208 110 9598 3
182 97 3654 7
159 65 4849 6
169 89 1521 9
173 78 4528 6
176 66 9984 2
204 126 2096 9
163 72 5283 6
187 92 6443 5
170 70 6272 5
204 119 2740 8
182 75 11113 2
155 71 2300 8
162 64 5388 5
155 56 8267 4
185 86 6197 5
195 103 5474 6
155 75 3071 8
160 83 2055 9
171 80 5401 6
182 86 8871 4
161 71 4752 6
172 77 4678 6
196 89 10767 2
206 107 9259 3
162 82 2155 8
194 104 3834 7
208 109 7974 4
168 71 6792 5
177 92 3889 7
171 58 14627 1
163 67 5424 5
158 61 7282 4
165 77 3138 7
204 96 10924 2
180 99 2250 8
196 106 4720 6
191 115 1262 9
156 53 10988 2
163 57 11460 2
184 93 4336 6
153 45 10330 2
188 79 14709 1
190 95 5985 5
166 86 2062 9
193 95 8217 4
185 80 10552 2
201 121 2236 8
169 73 8262 4
202 96 11190 1
181 89 4994 6
156 52 9047 3
184 95 3305 7
206 116 4824 6
175 77 8694 4
184 104 1030 9
190 92 9023 3
166 78 3360 7
174 75 9682 3
175 77 7348 4
200 101 6768 5
192 77 14359 1
207 103 9595 3
204 100 11342 2
209 128 2774 8
155 63 4027 6
184 101 3073 8
209 106 10082 2
182 93 4019 7
167 76 5232 6
197 108 3163 7
202 122 3143 8
170 69 8834 3
197 95 10004 3
153 75 1128 9
180 101 1499 9
170 56 14428 1
208 113 5399 6
163 60 10982 2
151 41 10506 2
154 56 9940 3
158 55 9119 3
189 91 9440 3
166 57 12000 1
201 115 4082 7
193 117 2129 9
194 97 8618 4
183 90 4505 6
191 114 1421 9
188 96 5385 6
161 56 13258 1
199 102 6623 5
180 102 1880 9
156 44 13289 1
196 89 13979 1
168 92 1670 9
159 50 9992 2
152 74 1045 9
205 130 1346 9
190 95 4456 6
209 111 8661 4
210 112 6653 5
169 88 2434 8
207 125 3077 8
166 81 3871 7
178 83 6563 5
181 76 14561 1
160 77 2019 8
150 51 9689 3
172 97 1202 9
179 96 2751 8
158 72 3196 7
191 83 9816 2
209 120 4048 7
197 111 3911 7
206 101 8832 3
190 86 8990 3
167 91 1475 9
163 55 14919 1
186 82 11720 2
197 92 9838 3
173 75 5357 5
182 85 6167 5
204 125 2079 9
210 127 2477 8
165 64 9703 3
200 122 1052 9
200 105 8084 4
176 63 12497 1
209 103 10540 2
181 96 3089 7
192 84 10869 2
168 92 1356 9
158 69 3313 7
177 97 1895 9
161 70 5308 6
157 60 8125 4
178 67 13404 1
162 67 5129 6
210 112 9873 3
198 98 5839 5
162 56 14954 1
162 79 2420 8
177 77 7070 4
192 115 1868 9
157 59 7475 4
175 71 9122 3
159 46 11479 1
163 83 2723 8
172 75 6843 5
188 100 3458 7
151 51 5631 5
150 70 2421 8
161 73 4095 7
156 48 11050 2
162 63 9242 3
162 66 7690 4
166 68 9086 3
162 55 11266 2
204 107 7769 4
175 78 7853 4
198 94 11825 2
205 105 8270 4
175 73 9440 3
169 68 9813 3
174 89 2075 8
159 84 1544 9
201 102 8924 4
210 102 11249 1
162 80 3098 8
197 92 12487 1
175 65 14563 1
179 70 9844 2
152 67 2675 8
189 87 10080 3
176 71 9679 3
151 42 11084 1
199 102 7469 4
163 55 11419 2
207 98 11692 2
181 84 8762 4
176 66 10714 2
174 94 2928 8
196 97 9772 3
210 124 3392 7
163 72 4351 6
151 43 10362 2
176 84 4863 6
207 120 4108 7
194 90 9367 3
200 118 2174 8
199 87 14060 1
184 84 7449 4
194 86 10232 2
154 53 9780 3
210 127 2268 8
175 68 10040 2
179 77 9938 3
185 90 7393 4
189 79 13421 1
162 56 11357 2
155 52 9970 3
159 63 6360 5
197 117 1597 9
209 103 11568 2
210 107 9228 3
157 47 10349 2
182 82 5523 5
162 84 1586 9
177 81 6545 5
152 62 5293 6
167 70 7305 4
162 78 2738 8
157 57 8943 4
171 80 5348 6
162 64 9617 3
163 49 11466 1
172 74 5446 5
184 105 1501 9
168 69 8939 4
190 90 6070 5
198 84 13943 1
206 129 1711 9
185 105 2487 8
210 107 9907 2
185 85 7940 4
171 84 3276 7
177 73 9909 2
203 106 7224 4
209 111 9456 3
181 92 3350 7
161 75 3726 7
171 91 2186 8
171 76 4059 6
202 111 5230 6
207 111 6978 5
158 49 13360 1
200 98 9201 3
209 113 6280 5
171 90 2878 8
160 57 8910 3
180 73 10074 2
209 103 10868 2
163 59 9012 3
197 107 3891 7
154 79 1439 9
151 38 14552 1
188 85 9680 3
167 57 11138 2
186 96 4622 6
159 60 8231 4
172 95 1179 9
174 70 9747 3
158 79 1644 9
169 62 13976 1
179 76 11461 2
169 79 4131 6
181 101 2709 8
204 91 14033 1
189 110 1734 9
150 50 7330 4
172 74 7172 4
151 53 5960 5
184 91 5152 6
156 75 2648 8
181 73 10735 2
158 68 4329 6
207 108 8065 4
177 69 14077 1
159 74 3755 7
169 72 5576 5
151 52 10173 3
152 50 10003 3
169 61 14877 1
206 111 8832 4
151 51 6257 5
152 47 9773 3
210 115 7546 4
172 87 3757 7
160 66 4933 6
186 102 2540 8
191 93 8743 4
196 110 3677 7
166 56 10758 2
198 103 5367 6
168 69 9520 3
205 98 11211 1
207 107 8812 3
154 41 14303 1
176 80 7521 4
192 94 8428 4
204 114 4488 6
181 77 10250 2
201 105 7314 4
186 92 4612 6
179 83 5961 5
182 83 9480 3
194 93 9966 3
181 97 2826 8
167 64 9198 3
155 43 12069 1
161 82 1252 9
165 89 1602 9
194 105 3983 7
176 100 1344 9
199 99 7254 4
160 85 1596 9
168 72 8479 4
192 97 8692 4
157 54 9831 3
206 111 4955 6
192 108 2078 8
165 66 6400 5
156 55 9803 3
199 100 6461 5
193 83 12835 1
207 104 11333 2
208 109 6820 5
164 84 1926 9
167 77 5262 6
194 97 6809 5
189 90 6321 5
176 90 3681 7
210 112 8635 4
184 80 11513 2
162 67 5114 6
194 92 8825 3
162 80 3156 8
161 51 11472 2
151 68 2835 8
190 87 10087 3
188 103 3355 7
181 98 2770 8
153 44 10403 2
187 91 7895 4
178 75 10779 2
154 65 3098 7
170 72 8178 4
165 53 12580 1
195 100 8845 4
169 64 12715 1
199 91 11557 2
203 98 13763 1
191 95 5656 5
201 89 11104 1
206 106 6731 5
174 69 10098 3
194 99 6569 5
191 111 1269 9
182 83 7118 4
160 78 2006 8
168 58 12343 1
207 118 4031 7
164 84 2928 8
185 70 11851 1
168 63 8911 3
208 111 8891 4
187 104 2674 8
182 94 3327 7
178 79 10124 3
172 70 8958 3
176 81 7726 4
170 92 1069 9
209 130 1861 9
187 97 3593 7
171 81 4141 6
210 134 1521 9
183 95 3487 7
174 87 3767 7
161 81 2773 8
178 70 11174 2
188 96 4527 6
151 44 13682 1
168 61 12462 1
163 63 7620 4
162 64 5914 5
194 105 3894 7
202 120 3095 8
174 91 2797 8
166 66 6690 5
182 86 6425 5
198 109 3833 7
154 59 8064 4
174 97 1187 9
153 67 3073 7
157 62 7186 4
200 107 5476 6
177 79 6840 5
152 46 11807 2
207 101 10808 2
164 64 6981 5
179 93 3490 7
166 61 9874 2
184 85 6222 5
154 55 9187 3
182 82 9525 3
167 70 8046 4
172 72 7951 4
185 100 2991 8
190 89 9540 3
198 117 2909 8
172 72 6792 5
167 70 7352 4
172 91 2088 8
182 107 1601 9
188 91 8735 4
166 66 6789 5
201 90 14343 1
179 81 6131 5
156 60 5713 5
178 70 12415 1
175 99 2125 9
159 49 9828 2
202 124 1858 9
206 127 1998 9
190 104 3550 7
177 92 3773 7
197 98 6613 5
172 77 8956 4
199 124 1837 9
173 92 2624 8
191 88 10889 2
210 115 5303 5
168 68 6090 5
179 67 11934 1
161 83 1343 9
194 96 9086 3
194 86 11069 2
169 70 9028 3
150 41 9829 2
160 50 10123 2
199 114 2831 8
195 86 11025 2
189 91 6998 5
160 59 10025 3
176 71 9974 3
163 77 3009 7
186 106 2201 8
186 91 8751 4
185 81 8998 3
196 113 2473 8
163 78 3480 7
195 103 4484 6
151 42 10842 2
178 92 3247 7
195 98 5315 5
201 107 4367 6
203 100 11900 2
169 57 12297 1
184 106 2095 9
166 66 9320 3
154 40 14783 1
199 101 8390 4
198 108 4668 6
199 102 8323 4
210 105 9830 3
179 92 3655 7
192 83 11938 2
161 66 7957 4
187 105 2133 8
198 105 5424 6
157 67 5274 6
174 78 5316 5
187 83 9411 3
165 90 1136 9
163 80 2745 8
194 97 5698 5
177 87 3032 7
179 83 5372 5
166 70 7780 4
163 83 2756 8
209 125 3169 8
178 90 3097 7
193 89 10409 2
206 117 3711 7
151 68 2934 8
196 95 9834 3
204 107 6366 5
175 98 1881 9
202 120 2028 8
203 105 7911 4
168 79 4049 7
207 128 1444 9
185 97 3494 7
205 95 10785 2
202 105 7175 4
191 92 6556 5
203 105 6054 5
172 58 11709 1
150 52 9742 3
165 86 1075 9
183 93 3647 7
173 91 2913 8
188 88 7392 4
210 112 5671 5
185 79 14115 1
166 90 1396 9
172 91 2872 8
206 128 1442 9
203 115 4148 7
188 84 10849 2
196 93 11473 2
152 61 4494 6
165 85 1531 9
193 78 12146 1
195 102 5286 6
159 79 2632 8
154 45 11707 2
150 74 2190 9
156 76 1996 9
178 81 5314 5
188 78 14522 1
204 100 11075 2
186 110 1760 9
150 42 10448 2
154 79 1444 9
207 116 4456 6
193 110 2448 8
210 99 12134 1
208 103 10762 2
162 66 6235 5
210 134 1630 9
176 96 1768 9
200 101 7205 4
159 59 5820 5
158 54 9908 3
179 77 9453 3
168 90 1748 9
187 101 3281 7
155 50 9288 3
207 121 3672 7
194 107 3448 7
191 96 4713 6
206 126 1968 9
156 52 9048 3
171 79 4609 6
169 70 8908 4
170 75 5492 6
190 94 8227 4
207 103 11614 2
170 71 6570 5
204 119 2315 8
185 83 9423 3
191 103 3418 7
172 87 2076 8
203 121 2920 8
165 59 11659 2
151 56 7377 4
171 62 10297 2
155 66 3591 7
167 57 14099 1
165 85 1643 9
207 104 10113 2
178 89 4153 7
165 52 11424 1
204 126 1171 9
200 101 9913 3
186 110 2083 9
150 51 5547 5
209 129 2397 8
188 83 10675 2
206 107 9014 3
162 57 9769 3
183 91 5287 6
152 56 7160 4
160 48 13372 1
166 66 9531 3
152 62 3182 7
184 81 9116 3
190 95 7887 4
197 118 1839 9
153 57 8389 4
173 78 7366 4
168 89 2005 9
188 85 11348 2
152 48 9913 2
204 107 7601 4
157 57 6303 5
155 50 10697 2
187 107 2157 8
198 110 3543 7
174 78 5416 5
156 45 12338 1
150 68 2834 8
185 70 13266 1
171 93 2013 9
159 53 13789 1
167 69 8115 4
182 92 3468 7
186 91 5612 5
151 61 3679 7
202 117 3916 7
199 103 5859 5
164 69 7829 4
181 99 2364 8
160 51 14438 1
194 95 8367 4
195 114 2608 8
208 109 5608 5
197 112 3865 7
160 61 7541 4
196 110 3525 7
189 109 2337 8
176 94 2919 8
201 93 12755 1
200 104 7632 4
163 83 1557 9
186 99 3316 7
151 51 8107 4
203 128 1088 9
171 70 9058 3
194 87 14708 1
180 101 1858 9
189 89 7769 4
173 85 3012 7
178 95 3010 8
154 64 5443 6
150 71 1777 9
191 109 2901 8
202 96 10126 2
195 100 4518 6
159 82 1238 9
161 61 9131 3
206 116 3769 7
184 80 10394 2
158 54 10942 2
187 83 9922 3
178 80 8687 4
195 91 10209 2
174 73 9616 3
210 125 2852 8
177 97 1910 9
191 109 2472 8
152 67 4037 7
172 87 2074 8
172 75 8455 4
190 76 13342 1
164 59 10050 3
203 111 4440 6
172 74 9345 3
195 87 12928 1
200 121 1261 9
209 96 14752 1
151 67 2735 8
173 66 13760 1
167 60 11613 2
169 89 2038 8
169 77 5340 6
192 96 6048 5
163 59 9548 3
160 60 8734 4
193 108 2705 8
179 100 1672 9
199 95 9936 3
199 105 4998 6
152 67 2468 8
191 102 3446 7
154 64 3978 7
181 73 13287 1
185 108 1850 9
151 55 5989 5
181 76 10561 2
168 62 11004 1
165 67 8452 4
200 118 3097 8
189 80 9801 2
192 103 4143 7
179 99 2533 8
202 102 6122 5
198 95 10332 2
201 96 10192 2
150 55 5595 5
190 93 7780 4
181 69 13616 1
151 48 9989 3
197 99 9668 3
200 125 2199 9
199 102 6077 5
174 66 14710 1
164 83 2167 8
168 73 8472 4
170 62 14035 1
196 96 6662 5
185 94 4701 6
208 121 3971 7
178 85 4071 6
191 98 5398 6
197 101 8036 4
199 96 9950 3
159 63 5653 5
209 106 11981 2
210 117 4828 6
180 68 13068 1
163 65 5977 5
193 83 11339 1
171 61 10699 2
191 94 7993 4
169 72 7262 4
194 94 7369 4
150 58 5252 6
184 87 8895 4
203 118 4073 7
190 80 10873 2
180 83 7762 4
156 58 9928 3
181 81 10137 3
164 85 1402 9
183 83 5721 5
181 104 1181 9
168 68 9527 3
206 110 8784 4
180 73 11751 2
182 102 1045 9
195 110 3694 7
157 75 2891 8
163 66 9000 4
154 64 3996 7
187 97 4655 6
201 114 3382 7
150 45 11251 1
175 79 8390 4
199 102 7917 4
160 73 3541 7
192 91 9518 3
171 86 3869 7
163 63 8980 4
189 106 2321 8
166 76 3690 7
154 77 2113 9
192 117 1528 9
174 67 10623 2
170 84 4003 7
190 100 3323 7
164 56 10176 2
173 76 5963 5
187 88 9606 3
172 67 9020 3
157 72 3058 8
171 72 6702 5
195 90 13203 1
179 79 6541 5
174 67 10227 2
154 58 6343 5
187 81 13039 1
163 65 6336 5
177 88 3615 7
164 63 9140 3
192 99 4516 6
162 66 5358 5
161 53 14502 1
204 120 2947 8
173 98 1174 9
155 53 10000 3
202 106 5479 5
195 92 10755 2
153 54 5701 5
188 83 13246 1
163 59 9832 3
191 109 2447 8
197 88 12127 1
184 81 10033 3
186 85 9907 3
203 108 6033 5
195 96 9649 3
180 103 1808 9
202 105 6565 5
184 97 3349 7
192 112 1483 9
164 89 2175 9
182 90 4722 6
151 57 4501 6
161 66 8482 4
204 105 8950 3
164 73 4180 6
157 77 2741 8
193 108 3761 7
155 47 11756 1
179 74 10112 2
176 80 6467 5
201 91 10527 2
167 88 2124 9
182 84 8983 3
170 87 3061 8
191 86 12492 1
165 75 3704 7
150 54 6345 5
174 74 9873 3
183 76 11712 2
156 66 4444 6
157 78 1288 9
154 65 3642 7
171 91 2148 8
164 71 4528 6
196 104 4766 6
169 64 9133 3
186 107 1765 9
160 69 4619 6
175 72 9810 3
152 52 9855 3
200 95 11556 2
192 106 3912 7
208 110 9613 3
165 69 6188 5
208 128 2101 9
168 78 3353 7
170 88 2078 8
209 100 11925 1
199 94 11900 2
184 106 1097 9
172 65 9986 2
193 109 2021 8
189 84 9793 3
179 80 8848 4
182 76 11505 2
180 83 7117 4
177 77 6835 5
178 98 1866 9
210 133 1838 9
178 73 11008 2
153 55 8492 4
161 63 8724 4
163 63 9355 3
167 68 8615 4
205 125 1954 9
204 121 2917 8
207 115 4380 6
168 70 7038 4
191 92 6528 5
204 109 7314 4
196 121 1400 9
174 69 11476 2
157 78 1157 9
204 97 12360 1
201 103 9395 3
171 70 9005 3
171 74 6922 5
200 105 5494 6
190 106 3177 8
163 69 4364 6
169 79 4367 6
175 79 5403 5
178 74 9859 3
197 121 1353 9
192 100 4869 6
164 69 7927 4
189 100 3850 7
203 122 2260 8
165 70 4568 6
196 110 3187 7
206 129 2105 9
176 92 2163 8
204 104 8586 4
157 55 10087 3
170 90 2476 8
153 57 6188 5
178 91 3930 7
191 109 2062 8
202 103 6253 5
165 77 3545 7
209 97 12223 1
156 72 2514 8
209 112 7650 4
167 79 3788 7
150 44 11442 2
195 104 4781 6
153 50 10212 2
150 59 4788 6
150 67 2883 8
168 73 7885 4
207 106 9902 3
189 95 4471 6
156 47 10581 2
189 112 1593 9
168 73 6755 5
185 76 12109 1
206 131 2017 9
182 98 3016 8
199 99 7228 4
171 68 10170 3
174 83 5211 6
169 56 14182 1
190 85 9611 3
171 77 5043 6
162 66 6711 5
210 109 9604 3
179 74 13241 1
183 71 14508 1
200 122 2048 9
194 98 7534 4
197 117 1011 9
208 130 1471 9
182 72 10308 2
160 55 9478 3
191 107 2722 8
165 76 3863 7
208 101 11534 2
192 98 4631 6
165 73 4457 6
199 90 14362 1
194 103 4146 6
186 95 5112 6
179 87 5419 6
186 84 9142 3
177 80 7602 4
194 103 4065 6
157 58 9316 3
161 64 7625 4
193 90 11424 2
157 64 4145 6
163 55 14542 1
157 79 1868 9
194 81 12586 1
154 43 13061 1
153 45 11642 2
180 100 2087 8
157 74 3096 8
159 61 7378 4
195 91 11264 2
198 109 3656 7
195 105 3444 7
163 73 4226 6
177 72 13231 1
177 73 10872 2
192 116 1469 9
171 72 7070 4
191 81 10494 2
200 119 2904 8
166 85 2610 8
198 118 2230 8
161 65 6110 5
169 72 8481 4
194 110 2846 8
151 56 8584 4
208 118 3358 7
188 88 9011 3
196 92 9471 3
178 65 11137 1
207 102 10088 3
158 58 7135 4
201 119 2093 8
164 71 4145 6
206 99 12171 1
202 116 3538 7
193 117 1381 9
150 36 14531 1
179 84 5023 6
155 54 9239 3
163 74 3734 7
190 94 6203 5
193 118 1825 9
202 87 14739 1
192 89 8952 3
208 128 1354 9
210 120 4246 6
166 81 2384 8
208 110 6774 5
205 123 3096 8
175 94 3108 8
194 100 4531 6
157 75 2030 8
177 88 3827 7
164 70 5239 6
167 67 8829 4
165 60 11778 2
161 85 1983 9
162 64 9650 3
192 99 4256 6
163 73 4552 6
194 85 14953 1
190 84 10611 2
174 93 2119 8
183 88 5984 5
196 90 10631 2
180 67 13895 1
192 97 6133 5
198 90 12177 1
189 99 4928 6
187 90 7112 4
176 84 4272 6
207 108 6053 5
173 78 5638 5
206 121 3199 7
168 60 11411 2
208 126 3100 8
210 122 3642 7
152 68 2549 8
209 98 13736 1
170 74 7872 4
180 65 14049 1
206 108 8557 4
188 98 4083 7
160 83 2120 9
173 77 8685 4
158 82 1719 9
197 122 1837 9
168 70 6783 5
173 68 11192 1
164 66 5815 5
175 70 10021 3
171 75 8847 4
204 93 12059 1
151 63 3079 7
159 70 3848 7
162 58 10069 3
175 76 7462 4
170 75 6843 5
200 120 1460 9
202 121 2366 8
161 64 7571 4
207 109 7959 4
161 62 10056 3
161 65 6467 5
173 70 11392 2
169 59 11780 2
197 97 7907 4
176 70 11884 2
166 81 2333 8
173 64 10073 2
150 55 5199 6
199 100 6433 5
184 84 8026 4
172 77 6494 5
173 76 7393 4
178 70 11888 1
166 78 4081 7
166 59 11330 2
201 101 8191 4
195 90 9697 3
156 71 2954 8
208 116 4613 6
171 72 6281 5
179 71 13241 1
187 93 5298 6
159 52 11331 1
188 95 4763 6
202 107 8319 4
188 88 9584 3
159 77 2262 8
189 114 1623 9
170 82 3430 7
208 112 8757 4
196 93 9923 2
182 103 1353 9
183 85 8163 4
160 70 4125 7
185 101 2189 8
180 100 1682 9
162 48 13937 1
158 65 5233 6
199 105 4346 6
206 106 6445 5
206 108 9084 3
173 93 3122 8
168 92 2106 9
181 99 2021 8
166 90 1681 9
170 75 8253 4
161 54 11112 2
194 108 3551 7
196 97 7607 4
162 52 12779 1
185 75 12100 1
177 68 10301 2
181 85 8858 4
175 71 10162 3
198 111 4044 7
164 86 1606 9
155 46 11545 2
200 92 13792 1
188 84 11445 2
207 118 4165 7
177 92 2846 8
159 51 14454 1
207 128 1716 9
170 90 2647 8
207 111 6460 5
178 67 14407 1
160 70 4680 6
197 120 1953 9
169 75 5092 6
198 108 3303 7
173 84 3381 7
174 66 11140 1
185 87 5448 5
154 51 9925 3
203 117 4197 7
204 91 11926 1
190 80 11715 2
154 63 4683 6
160 65 4659 6
172 97 2115 9
195 101 4121 6
192 81 13659 1
152 72 2804 8
159 54 9284 3
151 52 5862 5
156 52 9202 3
173 76 6259 5
166 60 9998 2
170 79 5116 6
190 112 1549 9
176 73 11925 2
179 89 5279 6
183 84 8358 4
175 72 9056 3
208 112 6712 5
159 65 5321 6
201 95 14761 1
188 88 6955 5
158 82 1591 9
183 98 3508 7
175 93 2967 8
184 79 10681 2
167 76 4490 6
158 62 8547 4
187 96 5407 6
195 113 2242 8
157 75 2889 8
200 92 11612 2
184 85 6116 5
152 54 5895 5
174 84 3924 7
179 66 14318 1
199 94 11055 1
171 66 11460 1
189 93 8985 4
208 105 9951 3
208 128 1082 9
155 55 8637 4
175 76 5975 5
164 49 12493 1
157 57 7991 4
195 88 12269 1
167 75 5396 6
191 91 6568 5
153 72 2469 8
153 54 9404 3
180 86 4330 6
150 49 8926 3
160 61 8082 4
162 55 11023 1
208 113 5680 5
161 74 3708 7
189 80 10340 2
150 52 7916 4
182 73 11779 2
173 72 9833 3
178 69 11858 2
195 100 5794 5
191 101 4828 6
175 77 9461 3
200 102 5765 5
153 52 9071 3
185 76 11957 2
191 88 9787 3
173 69 9284 3
167 64 9994 2
182 87 4784 6
158 71 3792 7
166 53 14299 1
164 61 9847 2
172 92 1279 9
181 82 6864 5
160 56 10406 2
204 123 2471 8
156 64 4791 6
203 104 5637 5
166 67 9938 3
192 77 11580 1
192 117 1826 9
188 78 14004 1
165 77 4179 7
170 71 6115 5
166 61 12480 1
200 93 10247 2
184 106 1624 9
181 76 9891 2
178 81 6394 5
201 95 12539 1
178 85 4959 6
186 86 6568 5
191 85 9963 2
168 64 9126 3
158 45 14641 1
183 102 2517 8
170 80 4140 6
203 103 6224 5
202 122 2611 8
198 100 5818 5
173 69 9346 3
160 62 6990 5
159 76 2236 8
191 79 14250 1
154 59 8459 4
151 44 11302 2
159 63 8735 4
165 61 10406 2
173 86 3103 7
156 63 4609 6
199 109 4159 7
155 56 6638 5
171 67 9042 3
172 79 4781 6
206 98 10807 2
186 80 11748 2
167 58 10122 2
194 118 1434 9
190 105 3418 7
207 108 9460 3
182 83 8589 4
202 125 1266 9
196 103 4438 6
202 112 4048 7
199 101 5435 5
163 60 9927 2
202 94 11540 2
156 51 11283 2
183 93 4784 6
197 98 7020 4
206 119 3723 7
201 94 11274 2
175 90 2984 8
208 99 11223 2
195 110 3452 7
159 69 4052 7
209 107 9186 3
181 83 7382 4
152 61 5171 6
165 78 3932 7
192 82 12994 1
168 73 4011 6
200 100 7548 4
152 73 1660 9
190 91 8593 4
191 107 2825 8
204 112 4219 6
199 92 11356 2
202 97 13045 1
160 84 1237 9
161 57 9842 2
176 69 11908 2
171 84 4076 7
182 86 6527 5
203 108 6870 5
201 86 11647 1
191 78 12142 1
157 77 2208 8
179 91 4144 7
177 73 10431 2
157 61 8119 4
171 60 12182 1
166 67 6487 5
151 76 1414 9
204 104 7313 4
197 98 8983 3
205 116 3068 7
194 87 11855 2
180 95 3014 8
197 98 9167 3
192 80 12465 1
193 80 12485 1
198 103 7492 4
171 68 10987 2
166 83 2677 8
204 114 3114 7
191 103 3839 7
195 82 11996 1
186 81 10182 2
197 88 10973 2
201 109 5397 6
180 105 1414 9
199 93 11668 2
188 80 11355 2
204 100 9467 3
207 113 4107 6
168 78 4250 6
171 71 7632 4
157 70 3997 7
190 86 9171 3
181 103 1080 9
199 113 4052 7
168 75 5136 6
175 91 3014 8
173 70 11318 2
183 76 11191 2
186 109 2051 9
167 77 3675 7
193 86 10100 2
172 73 8982 4
194 117 1100 9
152 43 10948 2
206 102 10960 2
167 81 3812 7
170 74 5984 5
157 50 13443 1
186 108 1649 9
164 50 11398 1
174 83 4886 6
163 79 2948 8
162 65 7685 4
165 70 5369 5
190 104 3197 7
178 73 10180 2
170 85 3812 7
169 85 2084 8
203 99 9985 3
161 56 11804 2
157 59 7622 4
171 66 13413 1
168 78 3098 7
159 44 14810 1
180 81 8821 3
194 85 12842 1
166 52 12364 1
166 81 2610 8
207 110 8838 4
173 76 8964 4
163 54 11698 2
151 42 10113 2
152 59 5296 6
202 94 11983 2
182 86 7386 4
178 71 10056 2
185 105 3050 8
170 74 8493 4
173 95 1658 9
210 100 11501 2
161 83 1384 9
208 123 2371 8
179 101 1291 9
160 82 1689 9
162 57 9819 3
195 107 3302 7
178 64 12529 1
193 94 9430 3
167 77 4502 6
180 91 3565 7
185 87 9316 3
174 94 2275 8
203 120 2469 8
152 69 2507 8
183 98 2905 8
165 68 6005 5
201 104 7679 4
189 104 2173 8
201 103 9526 3
189 108 2430 8
153 55 5586 5
181 90 4850 6
186 99 4182 7
182 106 2139 9
167 67 5709 5
178 74 11446 2
162 70 5292 6
192 79 11890 1
158 59 5916 5
186 109 2048 9
156 61 4661 6
208 104 10199 3
156 59 8748 4
161 79 2574 8
157 68 3122 7
174 74 9926 3
185 85 6765 5
199 92 14101 1
179 71 11015 2
156 50 10847 2
158 53 13282 1
184 89 6980 5
159 83 1986 9
154 67 3579 7
181 100 2467 8
185 84 9299 3
171 60 14877 1
167 77 4672 6
158 61 6586 5
199 97 8820 3
175 65 11576 1
206 108 6542 5
168 68 6969 5
152 61 5183 6
196 112 2317 8
180 82 9314 3
151 52 6010 5
202 123 1152 9
165 62 11618 2
152 72 1830 9
150 72 1915 9
162 72 4120 7
160 56 10546 2
157 74 2105 8
190 84 10675 2
157 59 10111 3
172 77 7213 4
167 89 1539 9
196 100 8365 4
154 71 2172 8
152 51 8922 3
208 99 11736 2
180 75 8972 3
194 86 10524 2
159 60 5609 5
170 75 5571 5
171 63 11654 2
165 79 3671 7
150 54 5718 5
186 87 5327 5
186 96 4618 6
198 83 13331 1
205 120 3029 8
177 93 2078 8
210 110 9341 3
186 101 2490 8
209 130 2165 9
167 85 2946 8
180 101 1069 9
156 76 1441 9
184 78 11547 1
151 75 1949 9
209 126 2961 8
185 99 3632 7
170 70 8297 4
167 84 2092 8
205 105 8859 3
170 73 7775 4
196 108 3458 7
151 51 10157 3
157 54 11223 2
172 87 2616 8
199 97 9020 3
173 71 9699 3
206 108 6949 5
178 70 11758 2
159 72 3114 7
202 113 3810 7
195 93 9416 3
183 75 13953 1
188 98 3730 7
182 68 14086 1
203 108 7765 4
179 98 2681 8
169 92 1322 9
204 105 6023 5
166 76 4169 6
152 74 1148 9
156 74 2578 8
159 49 12223 1
173 75 8944 4
157 52 14577 1
182 101 2489 8
198 98 9609 3
171 61 11249 2
195 95 9984 3
179 102 1001 9
164 74 3772 7
192 83 10172 2
150 53 7314 4
207 112 6577 5
199 102 6835 5
206 122 3142 8
208 103 11673 1
199 121 1978 9
186 106 1448 9
179 104 1525 9
152 48 9428 3
168 62 11440 2
203 93 12900 1
174 74 8503 4
167 80 3050 7
210 130 2607 8
170 82 3534 7
160 64 7299 4
176 73 11864 2
208 109 8142 4
170 69 9783 3
197 100 8862 4
166 81 3340 7
190 98 5171 6
168 64 11685 2
197 82 11610 1
174 83 4851 6
203 125 1025 9
178 80 6405 5
151 40 11340 1
186 111 2000 9
179 93 3676 7
205 115 3819 7
168 84 3199 8
172 74 8109 4
195 92 9831 2
195 94 9058 3
152 72 2191 9
210 108 9309 3
179 88 4564 6
207 110 8156 4
169 65 9472 3
200 91 10462 2
165 83 2440 8
181 78 9703 3
203 109 4977 6
162 85 1584 9
205 107 7093 4
198 91 11778 1
150 43 11710 2
171 65 10876 2
193 104 3280 7
171 83 3813 7
172 79 4778 6
174 70 11050 2
187 94 4498 6
208 123 2540 8
193 100 4763 6
167 87 2906 8
161 52 11102 2
167 67 7834 4
161 57 11494 2
206 131 2019 9
181 75 12828 1
153 67 3862 7
163 72 4289 6
188 93 5929 5
154 52 9098 3
195 95 9787 3
202 122 2145 8
188 89 8229 4
155 52 10981 2
175 87 4030 7
206 113 4985 6
181 93 3844 7
190 105 3711 7
176 69 10641 2
175 95 2331 8
167 91 1034 9
208 127 3057 8
197 90 11390 2
204 99 9309 3
188 89 8795 4
156 58 9373 3
158 52 10746 2
196 100 6865 5
177 69 13085 1
153 56 5409 5
165 87 1948 9
202 107 4666 6
170 76 4982 6
174 79 8811 4
171 76 4370 6
192 97 4288 6
189 81 12560 1
153 41 11760 1
156 79 1479 9
174 84 4162 7
156 66 4179 6
174 64 14977 1
205 107 7093 4
203 125 2180 9
172 64 13294 1
164 62 9081 3
174 95 1901 9
210 114 6125 5
198 106 5087 6
156 73 2344 8
164 81 2152 8
186 88 5566 5
175 70 9818 3
154 45 10457 2
209 119 3063 7
194 90 9847 3
158 69 4082 7
201 97 9203 3
179 102 1193 9
152 48 11889 2
167 67 8880 3
201 102 5868 5
177 92 4064 7
186 83 10140 2
192 105 3145 7
163 79 3119 8
153 49 11096 2
174 65 11811 2
187 88 8911 4
162 62 9062 3
177 101 1530 9
157 79 1068 9
190 96 5322 6
152 47 11005 1
155 69 3994 7
179 76 9145 3
160 70 4592 6
200 103 7592 4
198 93 10157 3
155 52 10024 3
160 56 11028 2
190 105 2143 8
162 51 11361 1
157 71 3731 7
189 90 6490 5
172 76 5573 5
168 83 2542 8
206 120 3384 7
209 109 7312 4
153 75 1996 9
184 103 2478 8
185 103 3126 8
162 55 11679 2
175 96 1769 9
180 100 1552 9
187 95 4366 6
152 54 6264 5
201 111 5025 6
181 81 7886 4
185 88 6250 5
198 102 5466 5
187 98 3368 7
180 68 13242 1
152 55 8053 4
204 123 3056 8
179 99 1340 9
178 72 12892 1
184 75 11292 2
184 81 9482 3
208 95 12739 1
190 112 1142 9
199 100 7627 4
179 84 4472 6
209 96 12255 1
199 124 1310 9
209 102 10651 2
165 86 1436 9
152 52 9857 3
197 82 14893 1
210 117 4368 6
166 86 2864 8
163 65 8650 4
192 105 3836 7
197 94 8851 3
168 90 1947 9
167 77 4069 7
195 115 1017 9
174 77 5691 5
178 79 7078 4
201 97 9330 3
166 61 9981 3
209 118 4262 6
161 66 4706 6
180 81 6638 5
185 91 5420 6
180 105 1007 9
173 89 2583 8
152 62 3938 7
203 99 10438 2
160 61 9400 3
192 102 4635 6
186 80 14401 1
202 124 2105 9
182 102 2090 8
168 78 3323 7
163 78 2045 8
170 82 3640 7
183 82 9706 3
180 76 10309 2
159 74 3840 7
158 79 1530 9
173 78 5468 6
193 113 2619 8
204 126 1543 9
206 107 6390 5
177 70 11367 2
158 55 10089 2
152 47 9017 3
202 106 5691 5
154 56 5618 5
155 41 12421 1
182 104 1021 9
164 81 2561 8
169 74 7190 4
166 55 13254 1
162 75 3086 7
209 119 5045 6
154 68 3333 7
193 111 2287 8
202 110 4352 6
204 106 9662 3
201 86 13075 1
204 100 9552 3
167 59 11033 2
173 76 6156 5
199 104 8955 4
152 49 10724 2
159 61 6416 5
157 48 11554 2
207 111 5909 5
157 72 2518 8
160 53 11623 2
154 41 11965 1
198 103 5414 6
151 66 2744 8
166 91 1544 9
183 68 14479 1
191 82 10877 2
153 46 10932 2
153 50 9608 3
190 85 10233 2
206 108 5323 5
184 72 14815 1
179 89 4013 7
190 78 12183 1
183 84 10196 3
194 98 5750 5
161 63 8197 4
160 57 11553 2
172 66 11974 2
195 110 3879 7
159 79 1988 9
178 103 1278 9
152 70 3077 8
165 58 13948 1
178 79 6741 5
167 70 7738 4
173 70 10209 2
175 93 2669 8
199 100 7950 4
194 89 13628 1
205 95 12392 1
154 70 3157 8
196 91 10109 3
161 81 1074 9
205 95 11027 2
161 71 3129 7
198 93 11446 2
205 110 5455 5
200 100 6435 5
195 120 1375 9
194 110 3116 8
180 102 1306 9
173 94 1921 9
168 74 4071 6
165 54 13482 1
170 74 5508 5
183 88 6189 5
155 79 1753 9
201 109 4982 6
196 86 12249 1
179 79 5322 5
151 61 5089 6
181 87 5447 6
208 113 8000 4
195 92 11182 2
162 71 4854 6
197 108 3627 7
169 94 1736 9
177 98 1155 9
196 95 10140 3
155 62 4246 6
201 109 4709 6
178 74 10058 3
208 103 10463 2
200 114 3888 7
165 67 7606 4
194 119 1573 9
195 98 6815 5
204 121 2389 8
157 47 13058 1
190 85 11089 2
209 112 6899 5
157 62 4629 6
157 55 8889 3
165 69 7971 4
176 99 1135 9
202 126 1332 9
192 87 10056 3
187 99 3421 7
165 60 10875 2
168 69 5335 5
162 75 3771 7
187 102 3986 7
173 88 2619 8
198 116 2550 8
170 93 1301 9
151 64 3082 7
180 82 7577 4
201 95 11753 2
201 92 10335 2
201 101 9908 3
187 90 6382 5
190 93 6254 5
166 57 11265 2
192 104 3317 7
209 129 1229 9
189 81 13572 1
182 97 2291 8
183 70 14621 1
204 105 6384 5
193 85 10817 2
160 61 9368 3
151 55 6293 5
210 105 8800 3
179 99 1548 9
172 77 4719 6
156 62 5233 6
166 57 11270 2
191 93 8351 4
181 104 1268 9
182 83 5477 5
155 56 9134 3
206 108 8962 4
170 82 4148 7
190 92 6421 5
156 52 11433 2
209 97 11982 1
181 88 4683 6
153 49 10078 2
155 56 9969 3
156 57 8470 4
158 68 3036 7
177 77 8472 4
154 59 6158 5
159 51 14287 1
165 67 9189 3
202 121 2537 8
192 81 14121 1
202 115 4114 7
198 108 3399 7
180 81 5992 5
204 128 1364 9
166 90 1777 9
181 86 6851 5
192 111 2934 8
162 83 1165 9
190 93 6297 5
168 70 6871 5
181 102 1890 9
172 73 9567 3
179 82 5517 5
202 99 11383 2
152 53 6158 5
157 48 11026 1
185 93 4534 6
187 77 11957 2
200 110 4606 6
178 79 6766 5
199 90 11784 2
208 117 5380 6
201 121 1086 9
188 103 3310 7
201 97 9657 3
176 89 3791 7
197 120 2150 9
159 71 3147 7
206 92 12702 1
150 65 2695 8
167 70 8250 4
158 81 1672 9
194 101 4425 6
183 99 2954 8
190 96 4601 6
167 59 10362 2
181 82 8207 4
177 95 2507 8
151 47 11294 2
202 106 5596 5
168 57 13922 1
187 91 5844 5
172 84 3952 7
183 83 10177 3
156 79 1134 9
209 104 11859 2
181 82 6639 5
182 87 5276 6
182 86 8429 4
186 104 2874 8
198 118 1332 9
187 84 11746 2
150 62 3063 7
187 105 3024 8
201 88 14418 1
196 87 10199 2
170 85 3172 7
185 75 13306 1
195 95 6175 5
184 90 5055 6
201 118 2261 8
174 84 4960 6
156 81 2175 9
191 106 2865 8
155 45 14371 1
202 117 2715 8
172 95 1183 9
161 59 9973 3
191 76 12105 1
173 78 7583 4
160 52 10059 2
181 87 4907 6
174 82 4936 6
205 109 6987 5
178 93 3636 7
172 90 2014 8
205 108 6969 5
159 49 11720 2
182 94 3569 7
183 78 8976 3
193 110 2456 8
153 77 1966 9
165 67 5825 5
175 70 10597 2
187 82 11136 1
184 101 2003 8
190 88 9886 3
169 71 6928 5
181 92 3314 7
202 103 5335 5
163 58 9018 3
187 105 3132 8
201 102 8863 3
206 95 14572 1
192 84 14848 1
189 94 4889 6
182 94 4005 7
190 83 11742 1
179 84 6613 5
156 57 9722 3
210 117 4527 6
192 107 3293 7
169 81 3922 7
176 76 9487 3
172 86 4077 7
178 78 5737 5
202 101 8885 3
184 103 2298 8
177 74 11624 2
159 61 7406 4
198 100 8751 4
152 72 1216 9
176 78 8265 4
200 116 2334 8
201 92 10701 2
186 86 5341 5
208 126 2270 8
183 84 6033 5
179 71 10713 2
180 74 11210 2
174 87 3100 7
198 84 11433 1
158 48 11483 1
178 83 8525 4
203 113 3307 7
176 83 5141 6
161 64 5362 5
157 50 13072 1
184 79 10787 2
183 86 8550 4
170 70 9923 3
154 57 5768 5
162 81 2760 8
169 74 6477 5
156 76 2074 9
198 117 2021 8
160 53 10001 2
152 45 13917 1
180 84 6171 5
171 73 8888 4
154 60 4745 6
207 98 12262 1
192 110 2571 8
210 105 11613 2
203 101 9360 3
182 85 7172 4
157 69 3275 7
176 95 2654 8
155 71 3099 8
179 81 5670 5
204 93 11031 1
176 100 1153 9
155 75 3177 8
159 71 3969 7
202 98 8828 3
166 62 9328 3
176 81 4984 6
165 59 12893 1
204 97 13581 1
167 82 3655 7
178 90 3361 7
188 107 2669 8
196 116 1371 9
191 105 3544 7
195 120 1932 9
182 107 1098 9
178 83 5361 6
210 133 2004 9
175 90 3448 7
170 86 2693 8
155 56 7475 4
210 105 14561 1
188 102 4133 7
155 80 2124 9
172 72 8719 4
199 105 5342 6
162 57 12000 2
169 64 8887 3
168 81 3589 7
202 104 8468 4
185 77 12116 1
173 93 2910 8
172 72 8857 4
206 110 8469 4
205 125 1378 9
168 90 1035 9
168 64 10062 2
175 100 1143 9
173 63 14221 1
171 73 5553 5
154 51 8843 3
187 80 13426 1
182 105 1909 9
160 52 10509 2
177 70 14625 1
169 68 8812 3
197 110 3172 7
178 79 9657 3
190 94 8853 4
187 83 10267 2
179 94 2633 8
167 87 1986 9
177 72 13567 1
192 84 11524 2
173 77 5393 5
198 104 4644 6
177 80 7046 4
151 66 2092 8
198 95 10058 3
179 99 3195 8
157 58 6588 5
197 121 1884 9
209 108 9732 3
184 74 13429 1
158 64 4943 6
167 71 8639 4
200 120 2491 8
171 94 2184 9
159 61 6956 5
184 105 2051 9
207 106 10060 3
180 81 6338 5
153 58 6574 5
162 62 8785 4
183 107 1893 9
179 94 3685 7
169 66 9181 3
205 98 10023 2
197 105 5291 6
169 75 4347 6
191 116 1667 9
186 82 11245 2
168 93 1671 9
178 78 6242 5
209 99 14653 1
162 64 5813 5
156 58 8030 4
185 89 5509 5
182 91 4294 6
197 116 2361 8
205 108 6955 5
210 133 1091 9
160 85 1376 9
169 83 4194 7
206 124 3068 8
202 118 3095 8
158 49 11824 2
167 71 5867 5
196 94 10197 3
189 84 9821 2
164 67 6618 5
170 78 4725 6
150 52 9832 3
150 53 5361 5
175 70 12344 1
199 114 2063 8
194 96 7280 4
163 59 10151 3
167 69 10115 3
182 77 11444 2
193 97 7095 4
187 87 8831 3
168 86 2474 8
182 85 5683 5
202 88 14237 1
151 37 13010 1
158 80 1030 9
184 85 10157 3
160 46 11264 1
172 75 7575 4
192 114 1084 9
208 111 6358 5
201 126 1266 9
161 56 9083 3
175 86 3237 7
190 100 3369 7
182 102 2622 8
192 84 11200 2
151 46 11557 2
158 70 3670 7
185 103 3129 8
171 72 8975 4
175 70 9801 3
203 112 4317 6
172 67 10090 3
189 104 3124 8
205 97 12241 1
208 133 2015 9
170 89 3182 8
164 79 2565 8
210 98 11169 1
177 87 5060 6
197 83 12923 1
158 67 5168 6
198 102 8967 4
165 77 3693 7
151 51 5720 5
160 58 9961 3
172 88 2825 8
171 85 3309 7
205 109 7009 4
186 109 1268 9
193 88 11443 1
165 75 5080 6
208 118 4205 6
150 45 12840 1
157 77 2185 9
197 118 1554 9
190 80 14890 1
175 85 4005 6
188 81 13010 1
159 44 11532 1
180 75 10783 2
156 46 14343 1
164 58 11111 2
203 128 1681 9
175 91 2164 8
182 87 4973 6
159 84 2006 9
195 110 2384 8
206 128 1140 9
187 86 9186 3
177 101 1714 9
173 74 5513 5
160 60 9171 3
204 113 4543 6
164 65 8804 4
199 116 3129 8
174 75 9010 3
208 96 13608 1
154 47 11219 2
182 80 9705 3
169 89 1079 9
167 80 3013 7
170 60 13649 1
191 87 9045 3